translation: -0.3483; -0.038162; 0.63074
orientation: 0.22545 0.32304 -0.49897 0.77191

-0.3483 -0.038162 0.63074 0.22545 0.32304 -0.49897 0.77191
