# oST version 5.0 parameters


[image]

width
1024

height
768

[narrow_stereo]

camera matrix
967.857874 0.000000 558.252677
0.000000 963.447703 410.894578
0.000000 0.000000 1.000000

distortion
-0.311982 0.128366 -0.000258 -0.001220 0.000000

rectification
1.000000 0.000000 0.000000
0.000000 1.000000 0.000000
0.000000 0.000000 1.000000

projection
877.123108 0.000000 565.455381 0.000000
0.000000 911.752869 413.155409 0.000000
0.000000 0.000000 1.000000 0.000000

