image: dis_basement_arena.pgm
resolution: 0.050000
origin: [-50.000000, -50.000000, 0.000000]
negate: 0
occupied_thresh: 0.65
free_thresh: 0.196

radius: .8
origin_x: -50.000
origin_y: -50.000
map_scale: 0.3